4
2
3
5
3
2
23
3
10
13
3
2
4
2
2
5
2
16
3
3
10
3
3
7
7
2
2
151
2
3
3
2
2
2
2
2
4
4
3
4
4
2
2
2
3
2
3
5
4
3
2
2
6
6
6
2
2
3
2
2
2
2
2
3
2
2
3
16
2
2
4
2
2
2
2
8
2
2
3
4
4
6
6
2
2
2
3
2
5
3
2
3
2
4
3
6
4
5
8
4
3
2
2
2
2
2
2
5
5
5
5
4
4
4
4
4
4
11
4
2
2
2
3
2
3
157
2
2
2
3
4
2
2
3
4
2
2
3
2
4
4
4
3
2
2
6
2
4
5
6
2
2
4
2
2
2
2
5
4
4
4
2
2
2
2
2
2
2
2
6
6
3
4
4
4
12
2
3
3
3
3
8
8
9
3
3
3
3
3
3
3
3
3
3
3
3
9
2
2
3
17
17
5
5
5
5
5
5
5
5
5
6
6
2
2
4
4
11
4
3
6
6
4
3
2
2
2
4
4
4
4
4
2
12
4
4
4
5
4
5
5
7
2
9
7
7
8
6
8
6
9
6
8
4
4
7
7
2
10
3
8
13
4
3
4
4
4
4
5
4
4
4
4
4
3
3
2
88
139
77
147
2
3
3
2
6
4
4
2
2
2
2
4
3
3
